0
0 : 1 0 0 0

1
0 : 0 1 0 0
1 : 0 1 0 0 

2
0 : 0 1 0 0
1 : 0 1 0 0 

3
0 : 0 1 0 0
1 : 0 1 0 0 

4
0 : 0 0 1 0
2 : 0 0 1 0

5
0 : 0 0 1 0
2 : 0 0 1 0

6
0 : 0 0 1 0
2 : 0 0 1 0

7
1 : 0 0 1 0

8
1 : 0 0 1 0

9
1 : 0 0 1 0

10
1 : 0 0 1 0

11
1 : 0 0 1 0

12
1 : 0 0 1 0

13
0 : 0 0 1 0
3 : 0 0 1 0

14
2 : 0 0 1 0
1 : 0 0 1 0

15
2 : 0 0 1 0
1 : 0 0 1 0

16
0 : 0 0 0 1
3 : 0 0 0 1

17
0 : 0 0 0 1
3 : 0 0 0 1

18
0 : 0 0 0 1
3 : 0 0 0 1

19
3 : 0 0 0 1

20
1 : 0 0 0 1

21
2 : 0 0 0 1

22
0 : 0 0 0 1

23
2 : 0 0 0 1

24
2 : 0 0 0 1

25
1 : 0 0 0 1

26
1 : 0 0 0 1

27
1 : 0 0 0 1

28
0 : 0 0 0 1

29
3 : 0 0 0 1

30
2 : 0 0 0 1

31
1 : 0 0 0 1

32
1 : 0 0 0 1

33
3 : 0 0 0 1

34
2 : 0 0 0 1

35
1 : 0 0 0 1

36
2 : 0 0 0 1

37
2 : 0 0 0 1

38
2 : 0 0 0 1

39
4 : 0 0 0 1

40
2 : 0 0 0 1

41
2 : 0 0 0 1

42
0 : 0 0 0 1

43
2 : 0 0 0 1

44
3 : 0 0 0 1

45
1 : 0 0 0 1

46
2 : 0 0 0 1

47
4 : 0 0 0 1

48
3 : 0 0 0 1

49
0 : 0 0 0 1

50
1 : 0 0 0 1

51
3 : 0 0 0 1

52
2 : 0 0 0 1

53
2 : 0 0 0 1

54
2 : 0 0 0 1

55
3 : 0 0 0 1

56
3 : 0 0 0 1

57
3 : 0 0 -3 -13

58
0 : 0 0 0 1
5 : 0 0 0 1

59
2 : 0 0 0 1
3 : 0 0 0 1

60
1 : 0 0 0 1
4 : 0 0 0 1

61
0 : 0 0 0 1
5 : 0 0 0 1

62
1 : 0 0 0 1
4 : 0 0 0 1

63
2 : 0 0 0 1
3 : 0 0 0 1

64
3 : 0 0 0 -4

65
4 : 0 0 0 -4

66
4 : 0 0 0 -4

67
4 : 0 0 0 -4

68
3 : 0 0 0 -4

69
3 : 0 0 0 -4

70
3 : 0 0 0 -1

71
3 : 0 0 0 -1

72
3 : 0 0 0 -1

73
3 : 0 0 0 -1

74
3 : 0 0 0 -1

75
4 : 0 0 0 -1

76
4 : 0 0 0 -1

77
5 : 0 0 0 -1

78
5 : 0 0 0 -1

79
5 : 0 0 0 -1

80
5 : 0 0 0 -1

81
5 : 0 0 0 -1

82
4 : 0 0 0 -2

83
4 : 0 0 0 -2

84
4 : 0 0 0 -2

85
3 : 0 0 0 -1

86
5 : 0 0 0 -1

87
4 : 0 0 0 -1

88
5 : 0 0 0 -1

89
3 : 0 0 0 -1

90
4 : 0 0 0 -1

91
4 : 0 0 0 -1

92
4 : 0 0 0 -1

93
5 : 0 0 0 -1

94
5 : 0 0 0 -1

95
4 : 0 0 0 -1

96
4 : 0 0 0 -1

97
4 : 0 0 0 -1

98
4 : 0 0 0 -1

99
5 : 0 0 0 -1

100
5 : 0 0 0 -1

101
5 : 0 0 0 -1

102
5 : 0 0 0 -1

103
6 : 0 0 0 -1

104
6 : 0 0 0 -1

105
3 : 0 0 0 -1

106
3 : 0 0 0 -1

107
5 : 0 0 0 -1

108
4 : 0 0 0 -1

109
5 : 0 0 0 -1

110
4 : 0 0 0 -1

111
3 : 0 0 0 -1

112
4 : 0 0 0 -1

113
5 : 0 0 0 -1

114
6 : 0 0 0 -1

115
5 : 0 0 0 -1

116
5 : 0 0 0 -1

117
5 : 0 0 0 -1

118
5 : 0 0 0 -1

119
5 : 0 0 0 -1

120
5 : 0 0 0 -1

121
7 : 0 0 0 -1

122
3 : 0 0 0 -1

123
4 : 0 0 0 -1

124
5 : 0 0 0 -1

125
5 : 0 0 0 -1

126
6 : 0 0 0 -1