(12) : [14, 18, 21, 25, 26, 27, 30, 33, 37, 40, 42, 44, 47, 48, 49, 50, 52, 53] : 10 matchings.
(12) : [8, 14, 20, 21, 23, 25, 28, 32, 35, 38, 41, 43, 45, 46, 47, 49, 51, 52] : 10 matchings.
(12) : [6, 11, 13, 14, 16, 17, 19, 21, 26, 29, 31, 36, 39, 40, 41, 42, 46, 48] : 10 matchings.
(12) : [3, 5, 6, 8, 11, 13, 18, 20, 23, 27, 30, 33, 37, 38, 39, 41, 44, 46] : 2 matchings.
(12) : [3, 5, 6, 7, 9, 14, 22, 24, 25, 28, 32, 34, 35, 36, 37, 39, 43, 44] : 10 matchings.
(12) : [1, 3, 4, 5, 8, 10, 12, 15, 16, 17, 19, 21, 26, 27, 28, 30, 36, 38] : 10 matchings.
(12) : [0, 1, 2, 4, 7, 9, 10, 11, 13, 18, 20, 22, 23, 25, 26, 28, 33, 36] : 10 matchings.
(21) : [18, 23, 25, 26, 27, 28, 30, 32, 33, 35, 36, 40, 42, 43, 45, 47, 48, 49, 50, 51, 52, 53] : 9 matchings.
(16) : [14, 18, 21, 23, 25, 26, 27, 30, 32, 33, 35, 37, 40, 42, 43, 44, 47, 48, 49, 50, 52, 53] : 7 matchings.
(23) : [13, 14, 16, 17, 18, 19, 21, 25, 26, 29, 31, 33, 37, 40, 42, 44, 47, 48, 49, 50, 52, 53] : 7 matchings.
(17) : [13, 14, 16, 17, 18, 19, 21, 25, 26, 27, 30, 33, 37, 40, 42, 44, 47, 48, 49, 50, 52, 53] : 7 matchings.
(21) : [8, 20, 21, 23, 26, 28, 30, 32, 35, 36, 38, 40, 42, 43, 45, 47, 48, 49, 50, 51, 52, 53] : 9 matchings.
(16) : [8, 14, 20, 21, 23, 25, 28, 30, 32, 35, 38, 40, 41, 42, 43, 45, 46, 47, 48, 49, 51, 52] : 7 matchings.
(22) : [8, 14, 18, 20, 21, 23, 25, 27, 30, 32, 35, 40, 41, 42, 43, 45, 46, 47, 48, 49, 51, 52] : 4 matchings.
(22) : [8, 14, 18, 20, 21, 23, 25, 27, 30, 32, 35, 37, 40, 42, 43, 44, 47, 48, 49, 50, 52, 53] : 4 matchings.
(21) : [8, 13, 14, 16, 17, 18, 19, 20, 21, 23, 25, 29, 31, 33, 37, 39, 40, 41, 42, 44, 46, 48] : 3 matchings.
(20) : [6, 11, 13, 14, 16, 17, 19, 21, 26, 29, 31, 36, 39, 40, 42, 44, 47, 48, 49, 50, 52, 53] : 7 matchings.
(18) : [6, 11, 13, 14, 16, 17, 19, 21, 26, 29, 31, 36, 39, 40, 41, 42, 44, 46, 47, 48, 49, 52] : 7 matchings.
(19) : [6, 11, 13, 14, 16, 17, 19, 21, 26, 29, 31, 33, 37, 40, 41, 42, 44, 46, 47, 48, 49, 52] : 4 matchings.
(24) : [6, 11, 13, 14, 16, 17, 19, 21, 26, 27, 30, 33, 37, 39, 40, 42, 44, 46, 48, 49, 50, 53] : 4 matchings.
(23) : [6, 8, 11, 13, 14, 18, 20, 21, 23, 27, 30, 32, 35, 38, 41, 43, 45, 46, 47, 49, 51, 52] : 2 matchings.
(21) : [6, 8, 11, 13, 14, 18, 20, 21, 22, 24, 27, 30, 32, 34, 35, 37, 38, 39, 41, 43, 44, 46] : 1 matchings.
(17) : [6, 8, 11, 13, 14, 18, 20, 21, 23, 25, 28, 32, 35, 38, 41, 43, 45, 46, 47, 49, 51, 52] : 4 matchings.
(16) : [6, 8, 11, 13, 14, 16, 17, 19, 20, 21, 23, 26, 29, 31, 33, 36, 39, 40, 41, 42, 46, 48] : 4 matchings.
(23) : [5, 7, 8, 9, 14, 21, 22, 24, 25, 28, 32, 34, 35, 38, 41, 43, 45, 46, 47, 49, 51, 52] : 7 matchings.
(17) : [5, 7, 8, 9, 14, 20, 21, 22, 23, 25, 28, 32, 35, 38, 41, 43, 45, 46, 47, 49, 51, 52] : 7 matchings.
(21) : [5, 7, 8, 9, 14, 18, 21, 22, 24, 25, 27, 30, 32, 34, 35, 37, 38, 39, 41, 43, 44, 46] : 3 matchings.
(17) : [3, 5, 6, 8, 14, 18, 21, 25, 26, 27, 30, 33, 37, 40, 42, 44, 47, 48, 49, 50, 52, 53] : 4 matchings.
(23) : [3, 5, 6, 8, 14, 18, 20, 23, 25, 27, 30, 33, 37, 40, 42, 44, 47, 48, 49, 50, 52, 53] : 2 matchings.
(21) : [3, 5, 6, 8, 14, 18, 19, 20, 23, 25, 27, 29, 31, 33, 37, 39, 40, 41, 42, 44, 46, 48] : 1 matchings.
(24) : [3, 5, 6, 8, 11, 13, 18, 21, 26, 27, 30, 33, 37, 40, 41, 42, 44, 46, 47, 48, 49, 52] : 2 matchings.
(19) : [3, 5, 6, 8, 11, 13, 18, 20, 23, 27, 30, 33, 37, 39, 40, 42, 44, 46, 48, 49, 50, 53] : 1 matchings.
(20) : [3, 5, 6, 8, 11, 13, 18, 20, 23, 27, 30, 33, 37, 38, 41, 44, 47, 48, 49, 50, 52, 53] : 1 matchings.
(18) : [3, 5, 6, 8, 11, 13, 18, 20, 23, 27, 30, 33, 37, 38, 39, 41, 44, 46, 48, 49, 50, 53] : 1 matchings.
(20) : [3, 5, 6, 8, 11, 13, 18, 20, 23, 27, 30, 33, 37, 38, 41, 43, 45, 46, 47, 49, 51, 52] : 1 matchings.
(18) : [3, 5, 6, 8, 11, 13, 18, 20, 23, 27, 30, 33, 37, 38, 39, 41, 43, 44, 45, 46, 47, 51] : 1 matchings.
(19) : [3, 5, 6, 8, 11, 13, 18, 20, 23, 27, 30, 32, 35, 38, 39, 41, 43, 44, 45, 46, 47, 51] : 1 matchings.
(16) : [3, 5, 6, 8, 11, 13, 18, 20, 22, 23, 24, 27, 30, 32, 33, 34, 37, 38, 39, 41, 44, 46] : 1 matchings.
(16) : [3, 5, 6, 8, 11, 13, 18, 19, 20, 23, 27, 29, 30, 31, 33, 37, 38, 39, 40, 41, 44, 46] : 1 matchings.
(24) : [3, 5, 6, 8, 11, 13, 18, 20, 23, 25, 28, 32, 35, 37, 38, 41, 43, 44, 46, 47, 49, 52] : 2 matchings.
(22) : [3, 5, 6, 8, 11, 13, 16, 17, 19, 20, 23, 29, 30, 31, 33, 37, 38, 39, 40, 41, 44, 46] : 1 matchings.
(22) : [3, 5, 6, 8, 11, 13, 16, 17, 19, 20, 23, 26, 29, 31, 33, 36, 39, 40, 41, 42, 46, 48] : 2 matchings.
(23) : [3, 5, 6, 8, 10, 11, 12, 15, 16, 17, 19, 20, 23, 27, 30, 33, 37, 38, 39, 41, 44, 46] : 1 matchings.
(17) : [3, 5, 6, 8, 10, 11, 12, 13, 15, 16, 18, 20, 23, 27, 30, 33, 37, 38, 39, 41, 44, 46] : 1 matchings.
(19) : [3, 5, 6, 7, 9, 14, 22, 24, 25, 28, 32, 34, 35, 37, 38, 41, 43, 44, 46, 47, 49, 52] : 4 matchings.
(20) : [3, 5, 6, 7, 9, 14, 22, 24, 25, 28, 32, 34, 35, 36, 39, 43, 45, 46, 47, 49, 51, 52] : 7 matchings.
(18) : [3, 5, 6, 7, 9, 14, 22, 24, 25, 28, 32, 34, 35, 36, 37, 39, 43, 44, 46, 47, 49, 52] : 7 matchings.
(24) : [3, 5, 6, 7, 9, 14, 20, 22, 23, 25, 28, 32, 35, 38, 39, 41, 43, 44, 45, 46, 47, 51] : 4 matchings.
(16) : [3, 5, 6, 7, 9, 14, 18, 22, 24, 25, 27, 28, 30, 32, 34, 35, 36, 37, 38, 39, 43, 44] : 4 matchings.
(22) : [3, 5, 6, 7, 9, 11, 13, 18, 22, 24, 27, 28, 30, 32, 34, 35, 36, 37, 38, 39, 43, 44] : 2 matchings.
(22) : [3, 5, 6, 7, 9, 11, 13, 18, 22, 23, 24, 27, 30, 32, 33, 34, 37, 38, 39, 41, 44, 46] : 1 matchings.
(21) : [3, 5, 6, 7, 9, 10, 11, 12, 15, 16, 17, 19, 20, 22, 23, 26, 27, 28, 30, 33, 36, 38] : 4 matchings.
(24) : [1, 3, 4, 6, 10, 12, 14, 15, 16, 17, 19, 21, 26, 29, 30, 31, 36, 38, 39, 40, 41, 46] : 7 matchings.
(17) : [1, 3, 4, 6, 10, 11, 13, 14, 16, 17, 19, 21, 26, 29, 31, 36, 39, 40, 41, 42, 46, 48] : 7 matchings.
(19) : [1, 3, 4, 5, 8, 10, 12, 15, 16, 17, 19, 21, 26, 28, 29, 31, 36, 38, 40, 41, 42, 48] : 7 matchings.
(20) : [1, 3, 4, 5, 8, 10, 12, 15, 16, 17, 19, 21, 26, 27, 30, 36, 39, 40, 41, 42, 46, 48] : 4 matchings.
(18) : [1, 3, 4, 5, 8, 10, 12, 15, 16, 17, 19, 21, 26, 27, 28, 30, 36, 38, 40, 41, 42, 48] : 7 matchings.
(20) : [1, 3, 4, 5, 8, 10, 12, 15, 16, 17, 19, 21, 26, 27, 30, 33, 37, 38, 39, 41, 44, 46] : 2 matchings.
(18) : [1, 3, 4, 5, 8, 10, 12, 15, 16, 17, 19, 21, 26, 27, 28, 30, 33, 36, 37, 38, 39, 44] : 4 matchings.
(23) : [1, 3, 4, 5, 8, 10, 11, 13, 16, 17, 19, 21, 26, 29, 31, 36, 39, 40, 41, 42, 46, 48] : 4 matchings.
(19) : [1, 3, 4, 5, 8, 10, 12, 15, 16, 17, 19, 20, 23, 27, 28, 30, 33, 36, 37, 38, 39, 44] : 2 matchings.
(24) : [1, 3, 4, 5, 8, 10, 12, 13, 15, 16, 18, 20, 23, 26, 27, 30, 33, 36, 38, 39, 41, 46] : 1 matchings.
(23) : [1, 3, 4, 5, 7, 9, 10, 11, 13, 18, 22, 24, 25, 28, 32, 34, 35, 36, 37, 39, 43, 44] : 4 matchings.
(16) : [1, 3, 4, 5, 7, 8, 9, 10, 12, 15, 16, 17, 19, 20, 21, 22, 26, 27, 28, 30, 36, 38] : 7 matchings.
(17) : [1, 3, 4, 5, 6, 7, 9, 10, 11, 14, 22, 24, 25, 28, 32, 34, 35, 36, 37, 39, 43, 44] : 7 matchings.
(22) : [0, 1, 2, 4, 7, 9, 10, 12, 15, 16, 17, 18, 19, 20, 22, 23, 25, 26, 27, 28, 33, 36] : 7 matchings.
(19) : [0, 1, 2, 4, 7, 9, 10, 11, 13, 18, 20, 22, 23, 26, 27, 30, 33, 36, 38, 39, 41, 46] : 2 matchings.
(19) : [0, 1, 2, 4, 7, 9, 10, 11, 13, 18, 22, 24, 25, 26, 28, 32, 33, 34, 35, 36, 37, 43] : 7 matchings.
(20) : [0, 1, 2, 4, 7, 9, 10, 11, 13, 18, 20, 22, 23, 25, 28, 33, 37, 38, 39, 41, 44, 46] : 2 matchings.
(18) : [0, 1, 2, 4, 7, 9, 10, 11, 13, 18, 20, 22, 23, 25, 26, 28, 33, 36, 38, 39, 41, 46] : 4 matchings.
(20) : [0, 1, 2, 4, 7, 9, 10, 11, 13, 18, 20, 22, 23, 25, 28, 32, 35, 36, 37, 39, 43, 44] : 4 matchings.
(18) : [0, 1, 2, 4, 7, 9, 10, 11, 13, 18, 20, 22, 23, 25, 26, 28, 32, 33, 35, 36, 37, 43] : 7 matchings.
(16) : [0, 1, 2, 4, 7, 9, 10, 11, 13, 16, 17, 18, 19, 20, 22, 23, 25, 26, 27, 28, 33, 36] : 7 matchings.
(22) : [0, 1, 2, 4, 7, 8, 9, 10, 12, 15, 16, 17, 19, 20, 21, 22, 26, 27, 28, 30, 36, 38] : 7 matchings.
(24) : [0, 1, 2, 4, 6, 7, 9, 10, 11, 14, 22, 23, 24, 25, 28, 32, 33, 34, 36, 37, 39, 44] : 7 matchings.
(24) : [0, 1, 2, 4, 5, 7, 8, 10, 11, 13, 18, 20, 23, 27, 28, 30, 33, 36, 37, 38, 39, 44] : 1 matchings.
(23) : [0, 1, 2, 3, 6, 7, 9, 11, 13, 18, 20, 22, 23, 27, 30, 33, 37, 38, 39, 41, 44, 46] : 1 matchings.
(21) : [0, 1, 2, 3, 6, 7, 9, 11, 13, 16, 17, 19, 20, 22, 23, 26, 27, 28, 30, 33, 36, 38] : 4 matchings.
(17) : [0, 1, 2, 3, 5, 6, 7, 8, 11, 13, 18, 20, 23, 27, 30, 33, 37, 38, 39, 41, 44, 46] : 1 matchings.
