[3, 8, 10, 13, 15, 16, 17, 18]
[3, 8, 10, 11, 12, 13, 17, 18]
[3, 8, 10, 12, 13, 14, 17, 18]
[3, 8, 10, 12, 13, 14, 16, 17]
[3, 8, 9, 10, 13, 14, 15, 17, 18]
[3, 7, 8, 12, 13, 16, 17, 18]
[3, 7, 8, 12, 13, 15, 17, 18]
[3, 7, 8, 11, 12, 13, 17, 18]
[3, 6, 7, 8, 11, 12, 16, 17]
[3, 6, 7, 8, 11, 12, 17, 18]
[3, 7, 8, 12, 13, 14, 15, 17, 18]
[3, 7, 8, 10, 12, 13, 17, 18]
[3, 7, 8, 10, 12, 13, 16, 17]
[3, 6, 7, 11, 12, 16, 17, 18]
[3, 6, 7, 11, 12, 13, 17, 18]
[3, 7, 8, 9, 10, 12, 13, 17, 18]
[3, 7, 8, 9, 10, 12, 13, 16, 17]
[3, 5, 8, 10, 13, 15, 16, 17, 18]
[3, 5, 8, 10, 13, 16, 17, 18]
[3, 5, 8, 10, 12, 13, 15, 17]
[3, 5, 8, 10, 12, 13, 15, 18]
[3, 5, 8, 10, 12, 13, 15, 16, 18]
[3, 5, 8, 10, 11, 12, 13, 16, 17, 18]
[3, 5, 8, 10, 11, 12, 13, 17, 18]
[3, 5, 8, 10, 11, 12, 13, 18]
[3, 5, 8, 10, 11, 12, 13]
[3, 5, 6, 8, 10, 11, 12, 13]
[3, 5, 8, 10, 13, 14, 15, 18]
[3, 5, 8, 10, 13, 14, 17, 18]
[3, 5, 8, 10, 12, 13, 14, 15, 16, 17]
[3, 5, 8, 10, 12, 13, 14, 17, 18]
[3, 5, 8, 10, 12, 13, 14, 18]
[3, 5, 8, 10, 12, 13, 14]
[3, 5, 8, 10, 12, 13, 14, 16, 17]
[3, 5, 8, 10, 12, 13, 14, 16]
[3, 5, 8, 10, 11, 12, 14]
[3, 5, 8, 12, 13, 15, 16, 17]
[3, 5, 8, 11, 12, 13, 17, 18]
[3, 5, 10, 12, 13, 15, 17, 18]
[3, 5, 10, 12, 13, 14, 15]
[3, 5, 8, 9, 10, 12, 13, 14, 17, 18]
[3, 5, 8, 9, 10, 12, 13, 14, 16, 17]
[3, 5, 8, 9, 10, 13, 15, 18]
[3, 5, 8, 9, 10, 13, 16, 17]
[3, 5, 8, 9, 10, 12, 13, 15, 16, 17]
[3, 5, 8, 9, 10, 12, 13, 17]
[3, 5, 8, 9, 10, 12, 13, 16, 17, 18]
[3, 5, 8, 9, 10, 12, 16, 17]
[3, 5, 8, 9, 10, 11, 12, 13, 16, 17]
[3, 5, 8, 9, 10, 11, 12, 16]
[3, 5, 8, 9, 12, 13, 17, 18]
[3, 5, 8, 9, 12, 13, 16, 17]
[3, 5, 9, 10, 13, 14, 15]
[3, 5, 9, 10, 13, 14, 15, 17, 18]
[3, 5, 9, 10, 13, 14, 15, 17]
[3, 5, 9, 10, 12, 13, 14]
[3, 5, 9, 10, 13, 15, 17, 18]
[3, 4, 5, 8, 9, 10, 13, 14, 15, 17, 18]
[3, 4, 5, 8, 9, 10, 13, 15]
[3, 4, 5, 8, 9, 10, 13, 15, 17, 18]
[3, 4, 5, 8, 9, 10, 13, 15, 17]
[3, 4, 5, 8, 9, 10, 13, 17, 18]
[3, 4, 5, 8, 9, 10, 12, 13, 15, 17, 18]
[3, 4, 5, 8, 9, 10, 12, 13, 17, 18]
[3, 4, 5, 8, 9, 10, 12, 13, 18]
[3, 4, 5, 8, 9, 10, 12, 13]
[3, 4, 5, 8, 9, 10, 12, 13, 16, 17]
[3, 4, 5, 8, 9, 10, 12, 13, 16]
[3, 4, 5, 8, 9, 10, 11, 12]
[3, 4, 5, 9, 10, 13, 14, 15, 18]
[3, 4, 5, 8, 10, 12, 13, 15, 17, 18]
[3, 4, 5, 8, 10, 12, 13, 15, 17]
[3, 4, 5, 8, 10, 12, 13, 15, 18]
[3, 4, 5, 8, 10, 11, 12, 13]
[3, 4, 5, 8, 10, 13, 14, 15, 18]
[3, 4, 5, 8, 10, 12, 13, 14]
[3, 5, 7, 8, 10, 12, 13, 15, 17, 18]
[3, 5, 7, 8, 10, 12, 17, 18]
[3, 5, 7, 8, 10, 13, 15, 18]
[3, 5, 7, 8, 10, 13, 16, 17]
[3, 5, 7, 8, 10, 11, 12, 13, 16, 17]
[3, 5, 7, 8, 10, 11, 12, 15, 16]
[3, 5, 7, 8, 10, 11, 12, 16]
[3, 5, 7, 8, 10, 11, 13, 15, 18]
[3, 5, 6, 7, 8, 10, 11, 12, 13, 17, 18]
[3, 5, 6, 7, 8, 10, 12, 13, 15, 17, 18]
[3, 5, 7, 8, 10, 12, 13, 14, 15, 16, 17]
[3, 5, 7, 8, 10, 11, 12, 13, 14, 16, 17]
[3, 5, 7, 8, 12, 13, 15]
[3, 5, 7, 8, 12, 13, 15, 16, 17, 18]
[3, 5, 7, 8, 12, 13, 15, 16, 17]
[3, 5, 7, 8, 12, 13, 15, 16]
[3, 5, 7, 8, 12, 16, 17, 18]
[3, 5, 7, 8, 11, 12, 13, 16, 18]
[3, 5, 7, 8, 11, 12, 13, 16]
[3, 5, 7, 8, 11, 12, 13, 17]
[3, 5, 7, 8, 11, 12, 16, 17, 18]
[3, 5, 6, 7, 8, 11, 12, 13, 17, 18]
[3, 5, 6, 7, 8, 11, 12, 16]
[3, 5, 6, 7, 8, 12, 13, 17, 18]
[3, 5, 6, 7, 8, 12, 13, 18]
[3, 5, 6, 7, 8, 12, 13]
[3, 5, 6, 7, 8, 12, 13, 16, 17]
[3, 5, 6, 7, 8, 12, 13, 16]
[3, 5, 6, 7, 8, 12, 16, 17]
[3, 5, 6, 7, 8, 13, 15]
[3, 5, 7, 8, 12, 13, 14, 15]
[3, 5, 7, 11, 12, 13, 16, 17]
[3, 5, 6, 7, 11, 12, 13]
[3, 5, 7, 8, 9, 10, 12, 13, 14, 16, 17]
[3, 5, 7, 8, 9, 10, 13, 15, 17, 18]
[3, 5, 7, 8, 9, 10, 11, 12, 16, 17]
[3, 5, 7, 8, 9, 12, 13, 14]
[3, 5, 7, 8, 9, 11, 12, 14]
[3, 5, 7, 8, 9, 12, 13, 17, 18]
[3, 5, 7, 8, 9, 12, 13, 18]
[3, 5, 7, 8, 9, 12, 13]
[3, 5, 7, 8, 9, 12, 13, 16, 17]
[3, 5, 7, 8, 9, 12, 13, 16]
[3, 5, 7, 8, 9, 12, 16, 17]
[3, 5, 7, 8, 9, 13, 15]
[3, 5, 7, 8, 9, 11, 12, 13, 16, 17]
[3, 5, 7, 8, 9, 11, 12, 16, 17]
[3, 5, 7, 8, 9, 11, 12, 17]
[3, 5, 7, 8, 9, 11, 12]
[3, 5, 7, 9, 10, 13, 14, 15]
[3, 5, 6, 7, 9, 10, 14]
[3, 5, 6, 7, 9, 11, 12]
[3, 4, 5, 7, 8, 9, 10, 12, 13, 17, 18]
[3, 4, 5, 7, 8, 9, 10, 12, 13, 16, 17]
[3, 4, 5, 7, 8, 9, 12, 13, 17]
[3, 4, 5, 7, 8, 9, 11, 12, 16]
[3, 4, 5, 7, 8, 10, 12, 13, 15, 17, 18]
[3, 4, 5, 7, 8, 10, 12, 13, 17, 18]
[3, 4, 5, 7, 8, 10, 12, 13, 18]
[3, 4, 5, 7, 8, 10, 13, 15, 18]
[3, 4, 5, 7, 8, 10, 11, 12, 13, 16, 17]
[3, 4, 5, 7, 8, 10, 11, 12, 16]
[3, 4, 5, 7, 8, 12, 13, 15]
[3, 4, 5, 7, 8, 11, 12, 13, 16, 17]
[3, 4, 5, 7, 8, 11, 12, 13, 16]
[3, 4, 5, 7, 8, 11, 12, 13, 17]
[3, 4, 5, 6, 7, 8, 11, 12, 16]
[3, 4, 5, 6, 7, 8, 12, 13]
[2, 3, 6, 7, 8, 11, 12, 13, 16, 17]
[2, 3, 6, 7, 8, 11, 12, 13, 15, 16, 17]
[2, 3, 6, 7, 8, 11, 12, 13, 15, 17, 18]
[2, 3, 6, 7, 8, 11, 12, 16, 17, 18]
[2, 3, 6, 7, 8, 11, 12, 17, 18]
[2, 3, 6, 7, 8, 11, 13, 15]
[2, 3, 6, 7, 8, 11, 16, 17]
[2, 3, 6, 7, 8, 12, 13, 17]
[2, 3, 6, 7, 8, 12, 13, 16, 17, 18]
[2, 3, 6, 7, 8, 12, 13, 15, 17, 18]
[2, 3, 6, 7, 8, 12, 17, 18]
[2, 3, 6, 7, 8, 13, 17, 18]
[2, 3, 6, 7, 8, 13, 15, 18]
[2, 3, 7, 8, 12, 13, 15]
[2, 3, 7, 8, 12, 13, 15, 16, 17, 18]
[2, 3, 7, 8, 12, 13, 15, 16, 17]
[2, 3, 7, 8, 12, 13, 15, 16]
[2, 3, 7, 8, 12, 16, 17, 18]
[2, 3, 7, 8, 11, 12, 13, 16, 18]
[2, 3, 7, 8, 11, 12, 13, 16]
[2, 3, 7, 8, 11, 12, 13, 17]
[2, 3, 7, 8, 11, 12, 13, 15, 16, 17, 18]
[2, 3, 7, 8, 11, 12, 16, 17, 18]
[2, 3, 7, 8, 12, 13, 14, 15]
[2, 3, 6, 7, 8, 10, 11, 12, 13, 17, 18]
[2, 3, 6, 7, 8, 10, 12, 13, 15, 17, 18]
[2, 3, 7, 8, 10, 12, 13, 15, 16, 17]
[2, 3, 7, 8, 10, 12, 13, 17]
[2, 3, 7, 8, 10, 12, 13, 16, 17, 18]
[2, 3, 7, 8, 10, 12, 16, 17]
[2, 3, 7, 8, 10, 13, 15]
[2, 3, 7, 8, 10, 13, 15, 17, 18]
[2, 3, 7, 8, 10, 13, 15, 17]
[2, 3, 7, 8, 10, 13, 17, 18]
[2, 3, 7, 8, 10, 11, 12, 13, 15, 16, 17]
[2, 3, 7, 8, 10, 11, 12, 13, 15, 17, 18]
[2, 3, 7, 8, 10, 11, 12, 13, 17, 18]
[2, 3, 7, 8, 10, 11, 12, 15]
[2, 3, 7, 8, 10, 11, 12, 16, 17]
[2, 3, 7, 8, 10, 11, 12, 17]
[2, 3, 7, 8, 10, 11, 12]
[2, 3, 7, 8, 10, 11, 13, 15]
[2, 3, 7, 8, 10, 12, 13, 14, 15, 17, 18]
[2, 3, 6, 7, 11, 12, 16, 17, 18]
[2, 3, 6, 7, 11, 12, 13, 16, 17, 18]
[2, 3, 6, 7, 11, 12, 13, 17, 18]
[2, 3, 6, 7, 11, 12, 13, 18]
[2, 3, 6, 7, 11, 12, 13]
[2, 3, 6, 7, 12, 13, 15]
[2, 3, 7, 12, 13, 16, 17, 18]
[2, 3, 7, 12, 13, 15, 17, 18]
[2, 3, 7, 11, 12, 16, 17, 18]
[2, 3, 7, 11, 12, 13, 17, 18]
[2, 3, 6, 7, 10, 11, 12, 13]
[2, 3, 7, 8, 9, 10, 12, 13, 17]
[2, 3, 7, 8, 9, 10, 13, 15]
[2, 3, 7, 8, 9, 10, 11, 12]
[2, 3, 8, 12, 13, 16, 17, 18]
[2, 3, 8, 12, 13, 15, 17, 18]
[2, 3, 8, 11, 12, 13, 16, 17]
[2, 3, 8, 10, 12, 13, 15, 17, 18]
[2, 3, 8, 10, 12, 13, 15, 17]
[2, 3, 8, 10, 12, 13, 15, 18]
[2, 3, 8, 10, 11, 12, 13]
[2, 3, 8, 10, 13, 14, 15, 18]
[2, 3, 8, 10, 12, 13, 14]
[2, 3, 8, 9, 10, 13, 14, 15]
[2, 3, 5, 6, 7, 8, 10, 12, 13, 17, 18]
[2, 3, 5, 7, 8, 10, 13, 15, 17, 18]
[2, 3, 5, 7, 8, 10, 11, 12, 16, 17]
[2, 3, 5, 6, 7, 8, 12, 13, 17, 18]
[2, 3, 5, 6, 7, 8, 12, 13, 16, 17]
[2, 3, 5, 7, 8, 12, 13, 17]
[2, 3, 5, 7, 8, 12, 13, 16, 17, 18]
[2, 3, 5, 7, 8, 12, 13, 15, 17, 18]
[2, 3, 5, 7, 8, 12, 17, 18]
[2, 3, 5, 7, 8, 13, 17, 18]
[2, 3, 5, 7, 8, 13, 15, 18]
[2, 3, 5, 7, 8, 11, 12, 13, 17, 18]
[2, 3, 5, 7, 8, 11, 12, 16]
[2, 3, 5, 6, 7, 10, 11, 12]
[2, 3, 5, 6, 7, 10, 14]
[2, 3, 5, 6, 7, 11, 12, 16, 17]
[2, 3, 5, 6, 7, 11, 12, 17]
[2, 3, 5, 6, 7, 11, 12]
[2, 3, 5, 6, 7, 12, 13]
[2, 3, 5, 7, 11, 12, 16, 17]
[2, 3, 5, 7, 8, 9, 10, 12, 13, 17, 18]
[2, 3, 5, 7, 8, 9, 10, 12, 13, 16, 17]
[2, 3, 4, 5, 7, 8, 12, 13, 17]
[2, 3, 4, 5, 7, 8, 11, 12, 16]
[2, 3, 4, 5, 6, 7, 11, 12]
[2, 3, 5, 6, 8, 10, 13, 15]
[2, 3, 5, 6, 8, 10, 12, 13]
[2, 3, 5, 8, 10, 13, 15]
[2, 3, 5, 8, 10, 13, 15, 17, 18]
[2, 3, 5, 8, 10, 13, 15, 17]
[2, 3, 5, 8, 10, 13, 17, 18]
[2, 3, 5, 8, 10, 12, 13, 15, 17, 18]
[2, 3, 5, 8, 10, 12, 13, 17, 18]
[2, 3, 5, 8, 10, 12, 13, 18]
[2, 3, 5, 8, 10, 12, 13]
[2, 3, 5, 8, 10, 12, 13, 16, 17]
[2, 3, 5, 8, 10, 12, 13, 16]
[2, 3, 5, 8, 10, 11, 12]
[2, 3, 5, 8, 12, 13, 17, 18]
[2, 3, 5, 8, 12, 13, 16, 17]
[2, 3, 5, 10, 13, 14, 15]
[2, 3, 4, 5, 8, 10, 13, 15]
[2, 3, 4, 5, 8, 10, 12, 13]
[1, 3, 4, 5, 8, 9, 10, 13, 14, 15]
[1, 3, 4, 5, 8, 9, 10, 13, 14, 15, 17, 18]
[1, 3, 4, 5, 8, 9, 10, 13, 14, 15, 17]
[1, 3, 4, 5, 8, 9, 10, 12, 13, 14, 15, 17, 18]
[1, 3, 4, 5, 8, 9, 10, 12, 13, 14, 17]
[1, 3, 4, 5, 8, 9, 10, 13, 15, 17, 18]
[1, 3, 4, 5, 8, 9, 10, 13, 15, 17]
[1, 3, 4, 5, 8, 9, 10, 13, 17, 18]
[1, 3, 4, 5, 8, 9, 10, 15, 18]
[1, 3, 4, 5, 8, 9, 10, 12, 13, 15, 17, 18]
[1, 3, 4, 5, 8, 9, 10, 12, 13, 15, 17]
[1, 3, 4, 5, 8, 9, 10, 12, 13, 15, 18]
[1, 3, 4, 5, 8, 9, 10, 12, 13, 17, 18]
[1, 3, 4, 5, 8, 9, 10, 12, 13, 18]
[1, 3, 4, 5, 8, 9, 10, 12, 13, 16, 17]
[1, 3, 4, 5, 8, 9, 10, 12, 13, 16]
[1, 3, 4, 5, 8, 9, 10, 12, 17]
[1, 3, 4, 5, 8, 9, 10, 11, 12, 13]
[1, 3, 4, 5, 8, 9, 10, 11, 12]
[1, 3, 4, 5, 8, 9, 13, 15]
[1, 3, 4, 5, 8, 9, 12, 13, 17]
[1, 3, 4, 5, 8, 9, 11, 12]
[1, 3, 4, 5, 9, 10, 14, 15]
[1, 3, 4, 5, 9, 10, 14, 15, 18]
[1, 3, 4, 5, 9, 10, 13, 14, 15, 18]
[1, 3, 4, 5, 9, 10, 13, 15, 18]
[1, 3, 4, 5, 9, 10, 12, 13]
[1, 3, 4, 5, 8, 10, 12, 13, 15, 17, 18]
[1, 3, 4, 5, 8, 10, 12, 13, 15, 17]
[1, 3, 4, 5, 8, 10, 12, 13, 15, 18]
[1, 3, 4, 5, 8, 10, 11, 12, 13]
[1, 3, 4, 5, 8, 10, 13, 14, 15, 18]
[1, 3, 4, 5, 8, 10, 14]
[1, 3, 4, 5, 8, 10, 12, 13, 14, 15]
[1, 3, 4, 5, 8, 10, 12, 13, 14]
[1, 3, 4, 5, 8, 10, 12, 14]
[1, 3, 4, 5, 8, 12, 13, 15]
[1, 3, 4, 5, 8, 11, 12, 13]
[1, 3, 5, 8, 10, 12, 13, 15]
[1, 3, 5, 8, 10, 12, 13, 15, 16, 17, 18]
[1, 3, 5, 8, 10, 12, 13, 15, 16, 17]
[1, 3, 5, 8, 10, 12, 13, 15, 16]
[1, 3, 5, 8, 10, 12, 13, 16, 17, 18]
[1, 3, 5, 8, 10, 11, 12, 13, 16, 17]
[1, 3, 5, 8, 10, 11, 12, 13, 16]
[1, 3, 5, 8, 10, 11, 12, 13, 17]
[1, 3, 5, 8, 10, 13, 14, 15]
[1, 3, 5, 8, 10, 13, 14, 15, 17, 18]
[1, 3, 5, 8, 10, 13, 14, 15, 17]
[1, 3, 5, 8, 10, 12, 13, 14, 15, 17, 18]
[1, 3, 5, 8, 10, 12, 13, 14, 17]
[1, 3, 5, 8, 12, 13, 16, 17, 18]
[1, 3, 5, 8, 12, 13, 15, 17, 18]
[1, 3, 5, 8, 11, 12, 13, 16, 17]
[1, 3, 5, 8, 9, 10, 13, 14, 15, 17, 18]
[1, 3, 5, 8, 9, 10, 13, 15]
[1, 3, 5, 8, 9, 10, 13, 15, 17, 18]
[1, 3, 5, 8, 9, 10, 13, 15, 17]
[1, 3, 5, 8, 9, 10, 13, 17, 18]
[1, 3, 5, 8, 9, 10, 12, 13, 15, 17, 18]
[1, 3, 5, 8, 9, 10, 12, 13, 17, 18]
[1, 3, 5, 8, 9, 10, 12, 13, 18]
[1, 3, 5, 8, 9, 10, 12, 13]
[1, 3, 5, 8, 9, 10, 12, 13, 16, 17]
[1, 3, 5, 8, 9, 10, 12, 13, 16]
[1, 3, 5, 8, 9, 10, 11, 12]
[1, 3, 5, 9, 10, 13, 14, 15, 18]
[1, 3, 4, 5, 7, 8, 9, 10, 12, 13, 14, 15, 17, 18]
[1, 3, 4, 5, 7, 8, 9, 10, 12, 13, 14, 17]
[1, 3, 4, 5, 7, 8, 9, 10, 13, 14, 15, 18]
[1, 3, 4, 5, 7, 8, 9, 10, 11, 12, 14]
[1, 3, 4, 5, 7, 8, 9, 10, 12, 13, 15, 17, 18]
[1, 3, 4, 5, 7, 8, 9, 10, 12, 13, 17, 18]
[1, 3, 4, 5, 7, 8, 9, 10, 12, 13, 18]
[1, 3, 4, 5, 7, 8, 9, 10, 12, 13]
[1, 3, 4, 5, 7, 8, 9, 10, 12, 13, 16, 17]
[1, 3, 4, 5, 7, 8, 9, 10, 12, 13, 16]
[1, 3, 4, 5, 7, 8, 9, 10, 13, 15, 18]
[1, 3, 4, 5, 7, 8, 9, 10, 11, 12, 13, 16, 17]
[1, 3, 4, 5, 7, 8, 9, 10, 11, 12, 16]
[1, 3, 4, 5, 6, 7, 8, 9, 10, 11, 12]
[1, 3, 4, 5, 6, 7, 8, 9, 10, 12, 13]
[1, 3, 4, 5, 7, 8, 9, 12, 14]
[1, 3, 4, 5, 7, 8, 9, 12, 13, 17]
[1, 3, 4, 5, 7, 8, 9, 12, 17]
[1, 3, 4, 5, 7, 8, 9, 12]
[1, 3, 4, 5, 7, 8, 9, 12, 16]
[1, 3, 4, 5, 7, 8, 9, 11, 12, 13]
[1, 3, 4, 5, 7, 8, 9, 11, 12, 16]
[1, 3, 4, 5, 6, 7, 8, 9, 11, 12]
[1, 3, 4, 5, 7, 9, 10, 14, 15]
[1, 3, 4, 5, 6, 7, 9, 10]
[1, 3, 4, 5, 7, 9, 11, 12]
[1, 3, 4, 5, 6, 7, 9, 11]
[1, 3, 4, 5, 7, 8, 10, 12, 13, 15, 17, 18]
[1, 3, 4, 5, 7, 8, 10, 12, 13, 15, 17]
[1, 3, 4, 5, 7, 8, 10, 12, 13, 15, 18]
[1, 3, 4, 5, 7, 8, 10, 12, 13, 17, 18]
[1, 3, 4, 5, 7, 8, 10, 12, 13, 18]
[1, 3, 4, 5, 7, 8, 10, 12, 15]
[1, 3, 4, 5, 7, 8, 10, 12, 17]
[1, 3, 4, 5, 7, 8, 10, 12]
[1, 3, 4, 5, 7, 8, 10, 12, 16]
[1, 3, 4, 5, 7, 8, 10, 13, 15, 18]
[1, 3, 4, 5, 7, 8, 10, 13, 18]
[1, 3, 4, 5, 7, 8, 10, 13]
[1, 3, 4, 5, 7, 8, 10, 13, 17]
[1, 3, 4, 5, 7, 8, 10, 11, 12, 13, 15]
[1, 3, 4, 5, 7, 8, 10, 11, 12, 13, 16, 17]
[1, 3, 4, 5, 7, 8, 10, 11, 12, 13, 16]
[1, 3, 4, 5, 7, 8, 10, 11, 12, 13, 17]
[1, 3, 4, 5, 7, 8, 10, 11, 12, 16]
[1, 3, 4, 5, 7, 8, 10, 11, 13]
[1, 3, 4, 5, 6, 7, 8, 10, 11, 12, 13]
[1, 3, 4, 5, 7, 8, 12, 13, 15]
[1, 3, 4, 5, 7, 8, 11, 12, 13, 16, 17]
[1, 3, 4, 5, 7, 8, 11, 12, 13, 16]
[1, 3, 4, 5, 7, 8, 11, 12, 13, 17]
[1, 3, 4, 5, 6, 7, 8, 11, 12, 13]
[1, 3, 4, 5, 6, 7, 8, 11, 12, 16]
[1, 3, 4, 5, 6, 7, 8, 12, 13]
[1, 3, 4, 5, 6, 7, 8, 13]
[1, 3, 4, 5, 6, 7, 8]
[1, 3, 5, 7, 8, 10, 12, 13, 15, 16, 17]
[1, 3, 5, 7, 8, 10, 12, 13, 17]
[1, 3, 5, 7, 8, 10, 12, 13, 16, 17, 18]
[1, 3, 5, 7, 8, 10, 12, 16, 17]
[1, 3, 5, 7, 8, 10, 13, 15]
[1, 3, 5, 7, 8, 10, 13, 15, 17, 18]
[1, 3, 5, 7, 8, 10, 13, 15, 17]
[1, 3, 5, 7, 8, 10, 13, 17, 18]
[1, 3, 5, 7, 8, 10, 11, 12, 13, 15, 16, 17]
[1, 3, 5, 7, 8, 10, 11, 12, 13, 15, 17, 18]
[1, 3, 5, 7, 8, 10, 11, 12, 13, 17, 18]
[1, 3, 5, 7, 8, 10, 11, 12, 15]
[1, 3, 5, 7, 8, 10, 11, 12, 16, 17]
[1, 3, 5, 7, 8, 10, 11, 12, 17]
[1, 3, 5, 7, 8, 10, 11, 12]
[1, 3, 5, 7, 8, 10, 11, 13, 15]
[1, 3, 5, 6, 7, 8, 10, 11, 12, 13, 16, 17]
[1, 3, 5, 7, 8, 10, 12, 13, 14, 15, 17, 18]
[1, 3, 5, 7, 8, 12, 13, 16, 17, 18]
[1, 3, 5, 7, 8, 12, 13, 15, 17, 18]
[1, 3, 5, 7, 8, 12, 13, 15, 17]
[1, 3, 5, 7, 8, 12, 13, 15, 18]
[1, 3, 5, 7, 8, 11, 12, 13, 16, 17, 18]
[1, 3, 5, 7, 8, 11, 12, 13, 17, 18]
[1, 3, 5, 7, 8, 11, 12, 13, 18]
[1, 3, 5, 7, 8, 11, 12, 13]
[1, 3, 5, 6, 7, 8, 11, 12, 13, 16, 17]
[1, 3, 5, 6, 7, 8, 11, 12, 16, 17]
[1, 3, 5, 6, 7, 8, 11, 12, 17]
[1, 3, 5, 6, 7, 8, 11, 12]
[1, 3, 5, 6, 7, 8, 12, 13, 17]
[1, 3, 5, 7, 8, 9, 10, 12, 13, 17, 18]
[1, 3, 5, 7, 8, 9, 10, 12, 13, 16, 17]
[1, 3, 5, 7, 8, 9, 12, 13, 17]
[1, 3, 5, 7, 8, 9, 11, 12, 16]
[1, 3, 8, 10, 12, 13, 15, 17, 18]
[1, 3, 4, 7, 8, 11, 12, 13]
[1, 3, 4, 6, 7, 8, 11, 12]
[1, 3, 4, 7, 8, 10, 12, 13]
[1, 3, 7, 8, 12, 13, 16, 17, 18]
[1, 3, 7, 8, 12, 13, 15, 17, 18]
[1, 3, 7, 8, 11, 12, 13, 17, 18]
[1, 3, 6, 7, 8, 11, 12, 16, 17]
[1, 3, 7, 8, 10, 12, 13, 17, 18]
[1, 3, 7, 8, 10, 12, 13, 16, 17]
[1, 2, 3, 4, 5, 7, 8, 9, 10, 12, 13, 17]
[1, 2, 3, 4, 5, 7, 8, 9, 10, 13, 15]
[1, 2, 3, 4, 5, 7, 8, 9, 10, 11, 12]
[1, 2, 3, 4, 5, 6, 7, 8, 9, 11, 12]
[1, 2, 3, 4, 5, 6, 7, 8, 10, 11, 12]
[1, 2, 3, 4, 5, 6, 7, 8, 10, 12, 13]
[1, 2, 3, 4, 5, 7, 8, 10, 12, 13, 17]
[1, 2, 3, 4, 5, 7, 8, 10, 13, 15]
[1, 2, 3, 4, 5, 7, 8, 10, 11, 12]
[1, 2, 3, 4, 5, 6, 7, 8, 11, 12, 16]
[1, 2, 3, 4, 5, 6, 7, 8, 12, 13]
[1, 2, 3, 4, 5, 7, 8, 12, 13, 17]
[1, 2, 3, 4, 5, 7, 8, 12, 17]
[1, 2, 3, 4, 5, 7, 8, 12]
[1, 2, 3, 4, 5, 7, 8, 12, 16]
[1, 2, 3, 4, 5, 7, 8, 11, 12, 13]
[1, 2, 3, 4, 5, 7, 8, 11, 12, 16]
[1, 2, 3, 4, 5, 6, 7, 10]
[1, 2, 3, 4, 5, 6, 7, 11, 12]
[1, 2, 3, 4, 5, 6, 7, 12]
[1, 2, 3, 4, 5, 6, 7]
[1, 2, 3, 4, 5, 7, 11, 12]
[1, 2, 3, 5, 7, 8, 10, 12, 13, 17, 18]
[1, 2, 3, 5, 7, 8, 10, 12, 13, 16, 17]
[1, 2, 3, 5, 6, 7, 8, 11, 12, 16, 17]
[1, 2, 3, 5, 7, 8, 12, 13, 17, 18]
[1, 2, 3, 5, 7, 8, 12, 13, 18]
[1, 2, 3, 5, 7, 8, 12, 13]
[1, 2, 3, 5, 7, 8, 12, 13, 16, 17]
[1, 2, 3, 5, 7, 8, 12, 13, 16]
[1, 2, 3, 5, 7, 8, 12, 16, 17]
[1, 2, 3, 5, 7, 8, 13, 15]
[1, 2, 3, 5, 7, 8, 11, 12, 13, 16, 17]
[1, 2, 3, 5, 7, 8, 11, 12, 16, 17]
[1, 2, 3, 5, 7, 8, 11, 12, 17]
[1, 2, 3, 5, 7, 8, 11, 12]
[1, 2, 3, 5, 6, 7, 11, 12, 16]
[1, 2, 3, 4, 5, 8, 9, 10, 13, 14, 15]
[1, 2, 3, 4, 5, 6, 8, 10]
[1, 2, 3, 4, 5, 8, 10, 13, 15]
[1, 2, 3, 4, 5, 8, 10, 15]
[1, 2, 3, 4, 5, 8, 10]
[1, 2, 3, 4, 5, 8, 10, 12, 13]
[1, 2, 3, 4, 5, 8, 10, 12]
[1, 2, 3, 4, 5, 8, 12, 13]
[1, 2, 3, 4, 5, 10, 14]
[1, 2, 3, 5, 8, 10, 13, 15, 18]
[1, 2, 3, 5, 8, 10, 12, 13, 17]
[1, 2, 3, 4, 6, 7, 8, 11, 12]
[1, 2, 3, 4, 6, 7, 8, 11]
[1, 2, 3, 4, 6, 7, 8, 12]
[1, 2, 3, 4, 7, 8, 10]
[1, 2, 3, 6, 7, 8, 11, 12, 13, 16, 17]
[1, 2, 3, 6, 7, 8, 11, 12, 16, 17]
[1, 2, 3, 6, 7, 8, 11, 12, 17]
[1, 2, 3, 6, 7, 8, 12, 13, 17]
[1, 2, 3, 7, 8, 12, 13, 15]
[1, 2, 3, 7, 8, 11, 12, 13, 16, 17]
[1, 2, 3, 7, 8, 11, 12, 13, 16]
[1, 2, 3, 7, 8, 11, 12, 13, 17]
[1, 2, 3, 7, 8, 10, 12, 13, 17]
[1, 2, 3, 7, 8, 10, 13, 15]
[1, 2, 3, 7, 8, 10, 11, 12]
[1, 2, 3, 6, 7, 11, 12, 13]
[0, 1, 2, 3, 4, 5, 7, 8, 9, 11, 12]
[0, 1, 2, 3, 4, 5, 7, 8, 12, 13, 17]
[0, 1, 2, 3, 4, 5, 7, 8, 11, 12, 16]
[0, 1, 2, 3, 4, 5, 6, 7, 11, 12]
[0, 1, 2, 3, 5, 6, 7, 8, 10, 11, 12, 13, 16, 17]
[0, 1, 2, 3, 5, 6, 7, 8, 10, 11, 12, 16]
[0, 1, 2, 3, 5, 6, 7, 8, 10, 12, 13, 17]
[0, 1, 2, 3, 5, 6, 7, 8, 10, 13, 15]
[0, 1, 2, 3, 5, 7, 8, 10, 12, 13, 15, 17, 18]
[0, 1, 2, 3, 5, 7, 8, 10, 12, 13, 17, 18]
[0, 1, 2, 3, 5, 7, 8, 10, 12, 13, 18]
[0, 1, 2, 3, 5, 7, 8, 10, 12, 13]
[0, 1, 2, 3, 5, 7, 8, 10, 12, 13, 16, 17]
[0, 1, 2, 3, 5, 7, 8, 10, 12, 13, 16]
[0, 1, 2, 3, 5, 7, 8, 10, 13, 15, 18]
[0, 1, 2, 3, 5, 7, 8, 10, 11, 12, 13, 16, 17]
[0, 1, 2, 3, 5, 7, 8, 10, 11, 12, 16]
[0, 1, 2, 3, 5, 7, 8, 10, 12, 13, 14]
[0, 1, 2, 3, 5, 7, 8, 10, 13, 14, 15]
[0, 1, 2, 3, 5, 6, 7, 8, 11, 12, 13, 16, 17]
[0, 1, 2, 3, 5, 6, 7, 8, 11, 12, 16, 17]
[0, 1, 2, 3, 5, 6, 7, 8, 11, 12, 17]
[0, 1, 2, 3, 5, 6, 7, 8, 11, 12]
[0, 1, 2, 3, 5, 6, 7, 8, 12, 13, 17]
[0, 1, 2, 3, 5, 7, 8, 12, 13, 17, 18]
[0, 1, 2, 3, 5, 7, 8, 12, 13, 18]
[0, 1, 2, 3, 5, 7, 8, 12, 13, 16, 17]
[0, 1, 2, 3, 5, 7, 8, 12, 13, 16]
[0, 1, 2, 3, 5, 7, 8, 12, 13, 15]
[0, 1, 2, 3, 5, 7, 8, 12, 16, 17]
[0, 1, 2, 3, 5, 7, 8, 13, 17]
[0, 1, 2, 3, 5, 7, 8, 13, 15]
[0, 1, 2, 3, 5, 7, 8, 11, 12, 13, 16, 17]
[0, 1, 2, 3, 5, 7, 8, 11, 12, 13, 16]
[0, 1, 2, 3, 5, 7, 8, 11, 12, 13, 17]
[0, 1, 2, 3, 5, 7, 8, 11, 12, 16, 17]
[0, 1, 2, 3, 5, 7, 8, 11, 12, 17]
[0, 1, 2, 3, 5, 7, 8, 11, 16]
[0, 1, 2, 3, 5, 6, 7, 10, 11]
[0, 1, 2, 3, 5, 7, 10, 14]
[0, 1, 2, 3, 5, 6, 7, 11, 12, 16]
[0, 1, 2, 3, 5, 6, 7, 11, 16]
[0, 1, 2, 3, 5, 6, 7, 11]
[0, 1, 2, 3, 5, 7, 12, 13]
[0, 1, 2, 3, 5, 7, 11, 12, 16]
[0, 1, 2, 3, 5, 7, 8, 9, 10, 12, 13, 17]
[0, 1, 2, 3, 5, 7, 8, 9, 10, 13, 15]
[0, 1, 2, 3, 5, 7, 8, 9, 10, 11, 12]
[0, 1, 2, 3, 5, 6, 7, 8, 9, 11, 12]
[0, 1, 2, 3, 4, 5, 8, 9, 10, 13, 15]
[0, 1, 2, 3, 4, 5, 8, 10, 13, 15]
[0, 1, 2, 3, 4, 5, 8, 10, 12, 13]
[0, 1, 2, 3, 5, 6, 8, 10, 13]
[0, 1, 2, 3, 5, 8, 10, 13, 15, 18]
[0, 1, 2, 3, 5, 8, 10, 13, 18]
[0, 1, 2, 3, 5, 8, 10, 13]
[0, 1, 2, 3, 5, 8, 10, 13, 17]
[0, 1, 2, 3, 5, 8, 10, 12, 13, 15]
[0, 1, 2, 3, 5, 8, 10, 12, 13, 17]
[0, 1, 2, 3, 5, 8, 10, 13, 14, 15]
[0, 1, 2, 3, 5, 8, 13, 15]
[0, 1, 2, 3, 5, 8, 12, 13, 17]
[0, 1, 2, 3, 5, 8, 11, 12]
[0, 1, 2, 3, 5, 10, 13, 15]
[0, 1, 2, 3, 5, 10, 14, 15]
[0, 1, 2, 3, 5, 8, 9, 10, 13, 14, 15]
[0, 1, 2, 3, 4, 7, 8, 9]
[0, 1, 2, 3, 4, 6, 7, 9]
[0, 1, 2, 3, 4, 6, 7, 8, 11, 12]
[0, 1, 2, 3, 4, 7, 8, 12, 13]
[0, 1, 2, 3, 4, 7, 8, 13]
[0, 1, 2, 3, 4, 7, 8]
[0, 1, 2, 3, 4, 7, 8, 11, 12]
[0, 1, 2, 3, 4, 7, 8, 11]
[0, 1, 2, 3, 4, 6, 7, 11, 12]
[0, 1, 2, 3, 4, 6, 7, 12]
[0, 1, 2, 3, 4, 6, 7]
[0, 1, 2, 3, 4, 7, 11, 12]
[0, 1, 2, 3, 6, 7, 8, 11, 12, 13, 16, 17]
[0, 1, 2, 3, 6, 7, 8, 11, 12, 13, 16]
[0, 1, 2, 3, 6, 7, 8, 11, 12, 13, 17]
[0, 1, 2, 3, 6, 7, 8, 11, 12, 16, 17]
[0, 1, 2, 3, 6, 7, 8, 11, 12, 17]
[0, 1, 2, 3, 6, 7, 8, 11, 13]
[0, 1, 2, 3, 6, 7, 8, 11, 16]
[0, 1, 2, 3, 6, 7, 8, 11]
[0, 1, 2, 3, 6, 7, 8, 12, 13, 17]
[0, 1, 2, 3, 6, 7, 8, 12, 17]
[0, 1, 2, 3, 6, 7, 8, 12]
[0, 1, 2, 3, 6, 7, 8, 12, 16]
[0, 1, 2, 3, 7, 8, 12, 13, 15]
[0, 1, 2, 3, 7, 8, 11, 12, 13, 16, 17]
[0, 1, 2, 3, 7, 8, 11, 12, 13, 16]
[0, 1, 2, 3, 7, 8, 11, 12, 13, 17]
[0, 1, 2, 3, 7, 8, 10, 12, 13, 15]
[0, 1, 2, 3, 7, 8, 10, 12, 13, 17]
[0, 1, 2, 3, 7, 8, 10, 13, 15]
[0, 1, 2, 3, 7, 8, 10, 15]
[0, 1, 2, 3, 7, 8, 10]
[0, 1, 2, 3, 7, 8, 10, 11, 12, 13]
[0, 1, 2, 3, 7, 8, 10, 11, 12]
[0, 1, 2, 3, 7, 8, 10, 11]
[0, 1, 2, 3, 6, 7, 11, 12, 13]
[0, 1, 2, 3, 7, 11, 12, 13]
[0, 1, 2, 3, 7, 8, 9, 10]
[0, 1, 2, 3, 4, 8, 10]
[0, 1, 2, 3, 8, 10, 14]
[0, 1, 3, 4, 5, 8, 9, 10, 13, 15, 18]
[0, 1, 3, 4, 5, 8, 9, 10, 12, 13, 17]
[0, 1, 3, 4, 5, 9, 10, 13, 14, 15]
[0, 1, 3, 4, 5, 8, 10, 13, 15, 18]
[0, 1, 3, 4, 5, 8, 10, 13, 18]
[0, 1, 3, 4, 5, 8, 10, 13]
[0, 1, 3, 4, 5, 8, 10, 13, 17]
[0, 1, 3, 4, 5, 8, 10, 12, 13, 15]
[0, 1, 3, 4, 5, 8, 10, 12, 13, 17]
[0, 1, 3, 4, 5, 8, 10, 13, 14, 15]
[0, 1, 3, 4, 5, 8, 13, 15]
[0, 1, 3, 4, 5, 8, 12, 13, 17]
[0, 1, 3, 4, 5, 8, 11, 12]
[0, 1, 3, 4, 5, 10, 13, 15]
[0, 1, 3, 4, 5, 10, 14, 15]
[0, 1, 3, 5, 8, 10, 12, 13, 15, 17, 18]
[0, 1, 3, 5, 8, 10, 12, 13, 15, 17]
[0, 1, 3, 5, 8, 10, 12, 13, 15, 18]
[0, 1, 3, 5, 8, 10, 11, 12, 13]
[0, 1, 3, 5, 8, 10, 13, 14, 15, 18]
[0, 1, 3, 5, 8, 10, 14]
[0, 1, 3, 5, 8, 10, 12, 13, 14, 15]
[0, 1, 3, 5, 8, 10, 12, 13, 14]
[0, 1, 3, 5, 8, 10, 12, 14]
[0, 1, 3, 5, 8, 12, 13, 15]
[0, 1, 3, 5, 8, 11, 12, 13]
[0, 1, 3, 5, 8, 9, 10, 13, 14, 15, 18]
[0, 1, 3, 5, 8, 9, 10, 12, 13, 14]
[0, 1, 3, 5, 8, 9, 10, 13, 15, 18]
[0, 1, 3, 5, 8, 9, 10, 13, 18]
[0, 1, 3, 5, 8, 9, 10, 13]
[0, 1, 3, 5, 8, 9, 10, 13, 17]
[0, 1, 3, 5, 8, 9, 10, 12, 13, 15]
[0, 1, 3, 5, 8, 9, 10, 12, 13, 17]
[0, 1, 3, 5, 8, 9, 12, 13]
[0, 1, 3, 5, 9, 10, 14]
[0, 1, 3, 5, 9, 10, 13, 14, 15]
[0, 1, 3, 5, 9, 10, 13, 14]
[0, 1, 3, 5, 9, 10, 13, 15]
[0, 1, 3, 4, 5, 7, 8, 9, 12, 13]
[0, 1, 3, 4, 5, 7, 8, 9, 11, 12]
[0, 1, 3, 4, 5, 7, 8, 10, 12, 13, 17]
[0, 1, 3, 4, 5, 7, 8, 10, 13, 15]
[0, 1, 3, 4, 5, 7, 8, 10, 11, 12]
[0, 1, 3, 4, 5, 7, 8, 12, 13, 17]
[0, 1, 3, 4, 5, 7, 8, 12, 17]
[0, 1, 3, 4, 5, 7, 8, 12]
[0, 1, 3, 4, 5, 7, 8, 12, 16]
[0, 1, 3, 4, 5, 7, 8, 11, 12, 13]
[0, 1, 3, 4, 5, 7, 8, 11, 12, 16]
[0, 1, 3, 4, 5, 6, 7, 8, 11, 12]
[0, 1, 3, 4, 5, 7, 11, 12]
[0, 1, 3, 4, 5, 6, 7, 11]
[0, 1, 3, 5, 7, 8, 10, 12, 13, 15, 17, 18]
[0, 1, 3, 5, 7, 8, 10, 12, 13, 15, 17]
[0, 1, 3, 5, 7, 8, 10, 12, 13, 15, 18]
[0, 1, 3, 5, 7, 8, 10, 12, 13, 16, 17]
[0, 1, 3, 5, 7, 8, 10, 12, 13, 16]
[0, 1, 3, 5, 7, 8, 10, 12, 15]
[0, 1, 3, 5, 7, 8, 10, 12, 17]
[0, 1, 3, 5, 7, 8, 10, 12]
[0, 1, 3, 5, 7, 8, 10, 12, 16]
[0, 1, 3, 5, 7, 8, 10, 13, 15, 18]
[0, 1, 3, 5, 7, 8, 10, 13, 18]
[0, 1, 3, 5, 7, 8, 10, 13]
[0, 1, 3, 5, 7, 8, 10, 13, 17]
[0, 1, 3, 5, 7, 8, 10, 11, 12, 13, 15]
[0, 1, 3, 5, 7, 8, 10, 11, 12, 13, 16, 17]
[0, 1, 3, 5, 7, 8, 10, 11, 12, 13, 16]
[0, 1, 3, 5, 7, 8, 10, 11, 12, 13, 17]
[0, 1, 3, 5, 7, 8, 10, 11, 12, 16]
[0, 1, 3, 5, 7, 8, 10, 11, 13]
[0, 1, 3, 5, 7, 8, 10, 12, 13, 14, 15]
[0, 1, 3, 5, 7, 8, 12, 13, 15]
[0, 1, 3, 5, 7, 8, 11, 12, 13, 16, 17]
[0, 1, 3, 5, 7, 8, 11, 12, 13, 16]
[0, 1, 3, 5, 7, 8, 11, 12, 13, 17]
[0, 1, 3, 5, 6, 7, 8, 11, 12, 13]
[0, 1, 3, 5, 6, 7, 8, 11, 12, 16]
[0, 1, 3, 5, 6, 7, 8, 12, 13]
[0, 1, 3, 5, 6, 7, 8, 13]
[0, 1, 3, 5, 6, 7, 8]
[0, 1, 3, 5, 7, 8, 9, 10, 12, 13, 14]
[0, 1, 3, 5, 7, 8, 9, 10, 13, 14, 15]
[0, 1, 3, 5, 7, 8, 9, 10, 12, 13, 17]
[0, 1, 3, 5, 7, 8, 9, 10, 13, 15]
[0, 1, 3, 5, 7, 8, 9, 10, 11, 12]
[0, 1, 3, 5, 7, 8, 9, 14]
[0, 1, 3, 5, 7, 8, 9, 12, 13]
[0, 1, 3, 5, 7, 8, 9, 13]
[0, 1, 3, 5, 7, 8, 9]
[0, 1, 3, 5, 7, 8, 9, 11, 12]
[0, 1, 3, 5, 7, 8, 9, 11]
[0, 1, 3, 5, 7, 9, 10, 14]
[0, 1, 3, 5, 6, 7, 9]
[0, 1, 3, 8, 10, 12, 13, 15]
[0, 1, 3, 8, 10, 13, 14, 15]
[0, 1, 3, 4, 7, 8, 12, 13]
[0, 1, 3, 4, 7, 8, 11, 12]
[0, 1, 3, 7, 8, 12, 13, 15]
[0, 1, 3, 7, 8, 11, 12, 13, 16, 17]
[0, 1, 3, 7, 8, 11, 12, 13, 16]
[0, 1, 3, 7, 8, 11, 12, 13, 17]
[0, 1, 3, 6, 7, 8, 11, 12, 16]
[0, 1, 3, 6, 7, 8, 12, 13]
[0, 1, 3, 7, 8, 10, 12, 13, 17]
[0, 1, 3, 7, 8, 10, 13, 15]
[0, 1, 3, 7, 8, 10, 11, 12]
[0, 2, 3, 6, 7, 8, 11, 12, 13, 17, 18]
[0, 2, 3, 6, 7, 8, 11, 12, 16]
[0, 2, 3, 6, 7, 8, 12, 13, 17, 18]
[0, 2, 3, 6, 7, 8, 12, 13, 18]
[0, 2, 3, 6, 7, 8, 12, 13]
[0, 2, 3, 6, 7, 8, 12, 13, 16, 17]
[0, 2, 3, 6, 7, 8, 12, 13, 16]
[0, 2, 3, 6, 7, 8, 12, 16, 17]
[0, 2, 3, 6, 7, 8, 13, 15]
[0, 2, 3, 7, 8, 12, 13, 16, 17, 18]
[0, 2, 3, 7, 8, 12, 13, 15, 17, 18]
[0, 2, 3, 7, 8, 12, 13, 15, 17]
[0, 2, 3, 7, 8, 12, 13, 15, 18]
[0, 2, 3, 7, 8, 11, 12, 13, 16, 17, 18]
[0, 2, 3, 7, 8, 11, 12, 13, 17, 18]
[0, 2, 3, 7, 8, 11, 12, 13, 18]
[0, 2, 3, 7, 8, 11, 12, 13]
[0, 2, 3, 6, 7, 8, 10, 11, 12, 13, 16, 17]
[0, 2, 3, 7, 8, 10, 12, 13, 15, 17, 18]
[0, 2, 3, 7, 8, 10, 12, 13, 17, 18]
[0, 2, 3, 7, 8, 10, 12, 13, 18]
[0, 2, 3, 7, 8, 10, 12, 13]
[0, 2, 3, 7, 8, 10, 12, 13, 16, 17]
[0, 2, 3, 7, 8, 10, 12, 13, 16]
[0, 2, 3, 7, 8, 10, 13, 15, 18]
[0, 2, 3, 7, 8, 10, 11, 12, 13, 16, 17]
[0, 2, 3, 7, 8, 10, 11, 12, 16]
[0, 2, 3, 6, 7, 11, 12, 13, 16, 17]
[0, 2, 3, 6, 7, 11, 12, 13, 16]
[0, 2, 3, 6, 7, 11, 12, 13, 17]
[0, 2, 3, 7, 11, 12, 13, 16, 17]
[0, 2, 3, 7, 8, 9, 10, 12, 13]
[0, 2, 3, 8, 10, 12, 13, 15]
[0, 2, 3, 8, 10, 13, 14, 15]
[0, 2, 3, 5, 7, 8, 10, 12, 13, 17, 18]
[0, 2, 3, 5, 7, 8, 10, 12, 13, 16, 17]
[0, 2, 3, 5, 6, 7, 8, 11, 12, 16, 17]
[0, 2, 3, 5, 7, 8, 12, 13, 17, 18]
[0, 2, 3, 5, 7, 8, 12, 13, 18]
[0, 2, 3, 5, 7, 8, 12, 13]
[0, 2, 3, 5, 7, 8, 12, 13, 16, 17]
[0, 2, 3, 5, 7, 8, 12, 13, 16]
[0, 2, 3, 5, 7, 8, 12, 16, 17]
[0, 2, 3, 5, 7, 8, 13, 15]
[0, 2, 3, 5, 7, 8, 11, 12, 13, 16, 17]
[0, 2, 3, 5, 7, 8, 11, 12, 16, 17]
[0, 2, 3, 5, 7, 8, 11, 12, 17]
[0, 2, 3, 5, 7, 8, 11, 12]
[0, 2, 3, 5, 6, 7, 11, 12, 16]
[0, 2, 3, 4, 5, 7, 8, 12, 13]
[0, 2, 3, 4, 5, 7, 8, 11, 12]
[0, 2, 3, 5, 8, 10, 13, 15, 18]
[0, 2, 3, 5, 8, 10, 12, 13, 17]
[0, 3, 7, 8, 12, 13, 16, 17, 18]
[0, 3, 7, 8, 12, 13, 15, 17, 18]
[0, 3, 7, 8, 11, 12, 13, 17, 18]
[0, 3, 6, 7, 8, 11, 12, 16, 17]
[0, 3, 7, 8, 10, 12, 13, 17, 18]
[0, 3, 7, 8, 10, 12, 13, 16, 17]
[0, 3, 5, 8, 10, 12, 13, 15, 17, 18]
[0, 3, 5, 8, 10, 12, 13, 15, 17]
[0, 3, 5, 8, 10, 12, 13, 15, 18]
[0, 3, 5, 8, 10, 11, 12, 13]
[0, 3, 5, 8, 10, 13, 14, 15, 18]
[0, 3, 5, 8, 10, 12, 13, 14]
[0, 3, 5, 8, 9, 10, 13, 15, 18]
[0, 3, 5, 8, 9, 10, 12, 13, 17]
[0, 3, 5, 9, 10, 13, 14, 15]
[0, 3, 4, 5, 8, 9, 10, 13, 15]
[0, 3, 4, 5, 8, 9, 10, 12, 13]
[0, 3, 5, 7, 8, 10, 12, 13, 15, 17, 18]
[0, 3, 5, 7, 8, 10, 12, 13, 16, 17]
[0, 3, 5, 7, 8, 10, 12, 13, 16]
[0, 3, 5, 7, 8, 10, 13, 15, 18]
[0, 3, 5, 7, 8, 10, 11, 12, 13, 16, 17]
[0, 3, 5, 7, 8, 10, 11, 12, 16]
[0, 3, 5, 7, 8, 12, 13, 15]
[0, 3, 5, 7, 8, 11, 12, 13, 16, 17]
[0, 3, 5, 7, 8, 11, 12, 13, 16]
[0, 3, 5, 7, 8, 11, 12, 13, 17]
[0, 3, 5, 6, 7, 8, 11, 12, 16]
[0, 3, 5, 6, 7, 8, 12, 13]
[0, 3, 5, 7, 8, 9, 12, 13]
[0, 3, 5, 7, 8, 9, 11, 12]
